5 0 0 0
0.500000 0.400000 -0.050000 0.400000
0.500000 0.400000 -0.050000 0.390244
0.500000 0.400000 -0.050000 0.380952
0.500000 0.400000 -0.050000 0.372093
0.500000 0.400000 -0.050000 0.363636
0.500000 0.400000 -0.050000 0.355556
0.500000 0.400000 -0.050000 0.347826
0.500000 0.400000 -0.050000 0.340426
0.500000 0.400000 -0.050000 0.333333
0.500000 0.400000 -0.050000 0.326531
0.500000 0.400000 -0.050000 0.320000
0.500000 0.400000 -0.050000 0.313725
0.500000 0.400000 -0.050000 0.307692
0.500000 0.400000 -0.050000 0.301887
0.500000 0.400000 -0.050000 0.296296
0.500000 0.400000 -0.050000 0.290909
0.500000 0.400000 -0.050000 0.285714
0.500000 0.400000 -0.050000 0.280702
0.500000 0.400000 -0.050000 0.275862
0.500000 0.400000 -0.050000 0.271186
0.500000 0.400000 -0.050000 0.266667
0.500000 0.400000 -0.050000 0.262295
0.500000 0.400000 -0.050000 0.258065
0.500000 0.400000 -0.050000 0.253968
0.500000 0.400000 -0.050000 0.250000
0.500000 0.400000 -0.050000 0.246154
0.500000 0.400000 -0.050000 0.242424
0.500000 0.400000 -0.050000 0.238806
0.500000 0.400000 -0.050000 0.235294
0.500000 0.400000 -0.050000 0.231884
0.500000 0.400000 -0.050000 0.228571
0.500000 0.400000 -0.050000 0.225352
0.500000 0.400000 -0.050000 0.222222
0.500000 0.400000 -0.050000 0.219178
0.500000 0.400000 -0.050000 0.216216
0.500000 0.400000 -0.050000 0.213333
0.500000 0.400000 -0.050000 0.210526
0.500000 0.400000 -0.050000 0.207792
0.500000 0.400000 -0.050000 0.205128
0.500000 0.400000 -0.050000 0.202532
0.500000 0.400000 -0.050000 0.200000
0.500000 0.400000 -0.050000 0.197531
0.500000 0.400000 -0.050000 0.195122
0.500000 0.400000 -0.050000 0.192771
0.500000 0.400000 -0.050000 0.190476
0.500000 0.400000 -0.050000 0.188235
0.500000 0.400000 -0.050000 0.186047
0.500000 0.400000 -0.050000 0.183908
0.500000 0.400000 -0.050000 0.181818
0.500000 0.400000 -0.050000 0.179775
0.500000 0.400000 -0.050000 0.177778
0.500000 0.400000 -0.050000 0.175824
0.500000 0.400000 -0.050000 0.173913
0.500000 0.400000 -0.050000 0.172043
0.500000 0.400000 -0.050000 0.170213
0.500000 0.400000 -0.050000 0.168421
0.500000 0.400000 -0.050000 0.166667
0.500000 0.400000 -0.050000 0.164948
0.500000 0.400000 -0.050000 0.163265
0.500000 0.400000 -0.050000 0.161616
0.500000 0.400000 -0.050000 0.160000
0.500000 0.400000 -0.050000 0.158416
0.500000 0.400000 -0.050000 0.156863
0.500000 0.400000 -0.050000 0.155340
0.500000 0.400000 -0.050000 0.153846
0.500000 0.400000 -0.050000 0.152381
0.500000 0.400000 -0.050000 0.150943
0.500000 0.400000 -0.050000 0.149533
0.500000 0.400000 -0.050000 0.148148
0.500000 0.400000 -0.050000 0.146789
0.500000 0.400000 -0.050000 0.145455
0.500000 0.400000 -0.050000 0.144144
0.500000 0.400000 -0.050000 0.142857
0.500000 0.400000 -0.050000 0.141593
0.500000 0.400000 -0.050000 0.140351
0.500000 0.400000 -0.050000 0.139130
0.500000 0.400000 -0.050000 0.137931
0.500000 0.400000 -0.050000 0.136752
0.500000 0.400000 -0.050000 0.135593
0.500000 0.400000 -0.050000 0.134454
0.500000 0.400000 -0.050000 0.133333
0.500000 0.400000 -0.050000 0.132231
0.500000 0.400000 -0.050000 0.131148
0.500000 0.400000 -0.050000 0.130081
0.500000 0.400000 -0.050000 0.129032
0.500000 0.400000 -0.050000 0.128000
0.500000 0.400000 -0.050000 0.126984
0.500000 0.400000 -0.050000 0.125984
0.500000 0.400000 -0.050000 0.125000
0.500000 0.400000 -0.050000 0.124031
0.500000 0.400000 -0.050000 0.123077
0.500000 0.400000 -0.050000 0.122137
0.500000 0.400000 -0.050000 0.121212
0.500000 0.400000 -0.050000 0.120301
0.500000 0.400000 -0.050000 0.119403
0.500000 0.400000 -0.050000 0.118519
0.500000 0.400000 -0.050000 0.117647
0.500000 0.400000 -0.050000 0.116788
0.500000 0.400000 -0.050000 0.115942
0.500000 0.400000 -0.050000 0.115108
0.500000 0.400000 -0.050000 0.114286
0.500000 0.400000 -0.050000 0.113475
0.500000 0.400000 -0.050000 0.112676
0.500000 0.400000 -0.050000 0.111888
0.500000 0.400000 -0.050000 0.111111
0.500000 0.400000 -0.050000 0.110345
0.500000 0.400000 -0.050000 0.109589
0.500000 0.400000 -0.050000 0.108844
0.500000 0.400000 -0.050000 0.108108
0.500000 0.400000 -0.050000 0.107383
0.500000 0.400000 -0.050000 0.106667
0.500000 0.400000 -0.050000 0.105960
0.500000 0.400000 -0.050000 0.105263
0.500000 0.400000 -0.050000 0.104575
0.500000 0.400000 -0.050000 0.103896
0.500000 0.400000 -0.050000 0.103226
0.500000 0.400000 -0.050000 0.102564
0.500000 0.400000 -0.050000 0.101911
0.500000 0.400000 -0.050000 0.101266
0.500000 0.400000 -0.050000 0.100629
0.500000 0.400000 -0.050000 0.100000
0.500000 0.400000 -0.050000 0.099379
0.500000 0.400000 -0.050000 0.098765
0.500000 0.400000 -0.050000 0.098160
0.500000 0.400000 -0.050000 0.097561
0.500000 0.400000 -0.050000 0.096970
0.500000 0.400000 -0.050000 0.096386
0.500000 0.400000 -0.050000 0.095808
0.500000 0.400000 -0.050000 0.095238
0.500000 0.400000 -0.050000 0.094675
0.500000 0.400000 -0.050000 0.094118
0.500000 0.400000 -0.050000 0.093567
0.500000 0.400000 -0.050000 0.093023
0.500000 0.400000 -0.050000 0.092486
0.500000 0.400000 -0.050000 0.091954
0.500000 0.400000 -0.050000 0.091429
0.500000 0.400000 -0.050000 0.090909
0.500000 0.400000 -0.050000 0.090395
0.500000 0.400000 -0.050000 0.089888
0.500000 0.400000 -0.050000 0.089385
0.500000 0.400000 -0.050000 0.088889
0.500000 0.400000 -0.050000 0.088398
0.500000 0.400000 -0.050000 0.087912
0.500000 0.400000 -0.050000 0.087432
0.500000 0.400000 -0.050000 0.086957
0.500000 0.400000 -0.050000 0.086486
0.500000 0.400000 -0.050000 0.086022
0.500000 0.400000 -0.050000 0.085561
0.500000 0.400000 -0.050000 0.085106
0.500000 0.400000 -0.050000 0.084656
0.500000 0.400000 -0.050000 0.084211
0.500000 0.400000 -0.050000 0.083770
0.500000 0.400000 -0.050000 0.083333
0.500000 0.400000 -0.050000 0.082902
0.500000 0.400000 -0.050000 0.082474
0.500000 0.400000 -0.050000 0.082051
0.500000 0.400000 -0.050000 0.081633
0.500000 0.400000 -0.050000 0.081218
0.500000 0.400000 -0.050000 0.080808
0.500000 0.400000 -0.050000 0.080402
0.500000 0.400000 -0.050000 0.080000
0.500000 0.400000 -0.050000 0.079602
0.500000 0.400000 -0.050000 0.079208
0.500000 0.400000 -0.050000 0.078818
0.500000 0.400000 -0.050000 0.078431
0.500000 0.400000 -0.050000 0.078049
0.500000 0.400000 -0.050000 0.077670
0.500000 0.400000 -0.050000 0.077295
0.500000 0.400000 -0.050000 0.076923
0.500000 0.400000 -0.050000 0.076555
0.500000 0.400000 -0.050000 0.076190
0.500000 0.400000 -0.050000 0.075829
0.500000 0.400000 -0.050000 0.075472
0.500000 0.400000 -0.050000 0.075117
0.500000 0.400000 -0.050000 0.074766
0.500000 0.400000 -0.050000 0.074419
0.500000 0.400000 -0.050000 0.074074
0.500000 0.400000 -0.050000 0.073733
0.500000 0.400000 -0.050000 0.073394
0.500000 0.400000 -0.050000 0.073059
0.500000 0.400000 -0.050000 0.072727
0.500000 0.400000 -0.050000 0.072398
0.500000 0.400000 -0.050000 0.072072
0.500000 0.400000 -0.050000 0.071749
0.500000 0.400000 -0.050000 0.071429
0.500000 0.400000 -0.050000 0.071111
0.500000 0.400000 -0.050000 0.070796
0.500000 0.400000 -0.050000 0.070485
0.500000 0.400000 -0.050000 0.070175
0.500000 0.400000 -0.050000 0.069869
0.500000 0.400000 -0.050000 0.069565
0.500000 0.400000 -0.050000 0.069264
0.500000 0.400000 -0.050000 0.068966
0.500000 0.400000 -0.050000 0.068670
0.500000 0.400000 -0.050000 0.068376
0.500000 0.400000 -0.050000 0.068085
0.500000 0.400000 -0.050000 0.067797
0.500000 0.400000 -0.050000 0.067511
0.500000 0.400000 -0.050000 0.067227
0.500000 0.400000 -0.050000 0.066946
0.500000 0.400000 -0.050000 0.066667
0.500000 0.400000 -0.050000 0.066390
0.500000 0.400000 -0.050000 0.066116
0.500000 0.400000 -0.050000 0.065844
0.500000 0.400000 -0.050000 0.065574
0.500000 0.400000 -0.050000 0.065306
0.500000 0.400000 -0.050000 0.065041
0.500000 0.400000 -0.050000 0.064777
0.500000 0.400000 -0.050000 0.064516
0.500000 0.400000 -0.050000 0.064257
0.500000 0.400000 -0.050000 0.064000
0.500000 0.400000 -0.050000 0.063745
0.500000 0.400000 -0.050000 0.063492
0.500000 0.400000 -0.050000 0.063241
0.500000 0.400000 -0.050000 0.062992
0.500000 0.400000 -0.050000 0.062745
0.500000 0.400000 -0.050000 0.062500
0.500000 0.400000 -0.050000 0.062257
0.500000 0.400000 -0.050000 0.062016
0.500000 0.400000 -0.050000 0.061776
